## Author Victor
## Created Date mar 16. mar 12:31:06 2010
## Modified Date lun 5. abr 15:49:21 2010
## Modified By Victor
## Network C:\Users\Victor\Documents\CI69F - Trabajo de Titulo\Paramics\Escenario 2 PT 2011
## Notes 
demand period 1
matrix count 1
divisor 1.0000

matrix 1
from   1    0    0    0  438    0  134    0  218    1  328    0    0    1   58    1    4    3    0   10    0    0    0    0    0   83  223    0    0  ## 1502
from   2    0    0    0    0    0    0    0    0    0  134    0    0    0   28    0    4    4    0    5    0    0    3    0    0  308    0    0    0  ## 486
from   3    0    0    0    0    0    2    0    0    0  335    0    0    0  386    0  117  230    0   41    0    0  355    0    0   71   70    0    5  ## 1612
from   4    0    0    0    0    0    0    0    0    0    0    0    0    0    0    0    0    0    0    0    0    0    0    0    0    0    0    0    0  ## 0
from   5    0    0    0    0    0    0    0    0    0    3    0    0    0    0    5  457    9    0   89    0    2    0    0    0  138   92    0   29  ## 824
from   6    0    0    0    0    0    0    0    0    0    0    0    0    0    0    0    0    0    0    0    0    0    0    0    0    0    0    0    0  ## 0
from   7    0    0    0    0    0    0    0    0    0   33    0    0    0    0    0    0    0    0    0    0    0    0    0    0    0    0  398    0  ## 431
from   8    0    0    0    0    0    0    0    0    1  157 1013  126   49    0    0    3    0    0   72    0    0    0    0    0    0    0    0  121  ## 1542
from   9    0    0    0    0    0    0    0    0    0  120  563    2  158    0    0  197    0    0   17    0  105    0    0    0   66   66    0  191  ## 1485
from  10    0    0    0    5    0  116    0    0  122    0    0    3  310    0    0    6    0    0    0    0    0    9    0    0  369   74    0  501  ## 1515
from  11    0    0    0    2    0  112    0  740  734    0    0    0    0    0   18    0    0    0    0    0    0    0    0    0   53   70    0  229  ## 1958
from  12    0    0    0   12    0  464    0    0    0    0    0    0   86    0   88    0    0    0    0    0    0    0    0    0  124    0    0   70  ## 844
from  13    0    0    0    2    0   17    0    0    0   18    0    0    0    0   21    0    0    0    0    0    0    0    0    0   31    0    0    0  ## 89
from  14    0    0    0    0    0    0    0    0    0    0    0    0    0    0    0  276   36    0    3    0  109  316    0    0    0    0    0    0  ## 740
from  15    0    0    0    0  509    0    0    0    0    0    0    0    0    0    0 1063  145    0  489    0  132  180    0    0    0    0    0    0  ## 2518
from  16    0    0    0    0    0    0    0    0    0    0    0    0    0    0    0    0    0    0    0    0    0    0    0    0    0    0    0    0  ## 0
from  17    0    0    0    0    0    0    0    0    0    0    0    0    0    7   51    0    0    0    0    0   39   32    0    0    0    0    0    0  ## 129
from  18    0  335    0   33  263    0    0    0    0    0    0    0    0    0    0    0    0    0    0    0  478  784    0    0    0    0    0    0  ## 1893
from  19    0    0    0  227  172   62    0    2   10   83    0    0    0   11   97    6    0    0    0    0  367    0    0    0    0    0    0   51  ## 1088
from  20    0    0    0    0    0    0    0    0    0    0    0    0    0    0    0    0    0    0    0    0    0    0    0    0    0    0    0    0  ## 0
from  21    0    0    0    0    0    0    0    0    0    0    0    0    0    4    0    0    0    0    0    0    0    0    0    0    0    0    0    0  ## 4
from  22    0    0    0    0    0    0    0    0    0    0    0    0    0    0    0    0    0    0    0    0    0    0    0    0    0    0    0    0  ## 0
from  23    0    0    0    0    0    0    0    0    0    0    0    0    0    2    0  469    0    0   84    0    0    0    0    0    6    0    0   21  ## 582
from  24    0    0    0    3    0   19    0    0   25    5    0    0    0 1328  623  438   22    0  105    0    0    7    0    0  231  598    0    0  ## 3404
from  25    0    0    0    0    0    0    0    0    0    0    0    0    0    0    0    0    0    0    0    0    0    0    0    0    0    0    0    0  ## 0
from  26    0  100    0  570    0  132    0    0    5    8    0    0    0  322   16    0    0    0    0    0    0    0    0    0  389    0    0    8  ## 1550
from  27    0   32    0    0    0  218    0    0    5  255    0    0    0    0    0   32    0    0   11    0    0    0    0    0  321    0    0    0  ## 874
from  28    0   46    0  359    0  118    0  264  749  226    0    0    0    0  544  600   23    0  157    0    0    0    0    0  213   62    0    0  ## 3361

## total    0  513    0 1651  944 1394    0 1224 1652 1705 1576  131  604 2146 1464 3672  472    0 1083    0 1232 1686    0    0 2403 1255  398 1226  ## 28431


