trip_data_format_1_1
11,12,0,27009,9
14,16,0,27023,22
11,12,0,27025,8
6,26,0,27029,21
6,26,0,27035,20
11,12,0,27037,9
14,15,0,27037,31
6,26,0,27038,21
6,26,0,27042,21
23,25,0,27044,40
23,25,0,27046,40
26,5,0,27047,22
14,15,0,27047,29
23,25,0,27047,39
4,27,0,27048,45
23,13,0,27048,47
6,26,0,27049,20
14,15,0,27049,27
23,13,0,27049,45
14,15,0,27052,33
14,18,0,27053,51
6,26,0,27055,21
23,25,0,27055,38
23,13,0,27057,47
23,13,0,27061,47
6,26,0,27063,22
23,25,0,27063,40
6,26,0,27063,21
23,13,0,27063,47
8,10,0,27064,52
8,10,0,27064,63
23,25,0,27065,39
23,13,0,27065,47
8,10,0,27065,61
23,13,0,27068,49
9,12,0,27069,52
8,10,0,27069,53
0,25,0,27071,67
0,3,0,27071,60
23,25,0,27071,42
23,13,0,27071,47
0,25,0,27072,57
9,27,0,27073,69
23,13,0,27075,53
9,12,0,27075,54
9,27,0,27076,65
23,13,0,27076,48
23,25,0,27078,38
18,20,0,27079,69
23,13,0,27080,47
23,13,0,27083,49
9,27,0,27083,66
23,25,0,27084,39
4,15,0,27085,83
23,13,0,27085,47
23,14,0,27086,84
9,12,0,27087,55
18,20,0,27088,61
23,13,0,27089,47
25,24,0,27089,49
17,20,0,27089,84
9,27,0,27089,68
18,20,0,27090,60
10,7,0,27090,89
10,7,0,27091,89
17,20,0,27091,87
9,27,0,27091,67
10,7,0,27092,90
10,7,0,27093,88
17,21,0,27093,88
10,8,0,27093,92
23,13,0,27094,48
9,27,0,27094,67
0,24,0,27094,92
17,20,0,27095,78
17,21,0,27095,89
9,27,0,27095,66
10,8,0,27096,90
17,20,0,27096,81
10,8,0,27097,90
1,24,0,27097,94
17,21,0,27097,79
17,21,0,27097,78
17,21,0,27097,80
1,24,0,27099,80
9,27,0,27099,66
25,13,0,27100,95
10,7,0,27100,72
17,21,0,27100,81
17,21,0,27101,79
10,8,0,27101,94
25,13,0,27102,64
10,7,0,27102,92
10,8,0,27102,90
10,7,0,27103,71
1,24,0,27103,74
11,14,0,27104,98
10,7,0,27104,67
10,8,0,27104,96
1,24,0,27106,93
2,25,0,27106,83
10,8,0,27106,89
10,7,0,27107,89
10,7,0,27107,77
18,20,0,27107,69
11,5,0,27108,96
11,5,0,27108,97
26,5,0,27108,62
0,13,0,27109,77
10,7,0,27109,64
1,24,0,27109,74
27,5,0,27110,97
4,15,0,27110,94
26,5,0,27110,28
10,7,0,27110,60
10,8,0,27110,82
17,21,0,27111,78
17,20,0,27111,80
10,8,0,27111,73
17,20,0,27112,74
27,14,0,27113,52
23,24,0,27113,108
17,20,0,27113,78
10,27,0,27114,104
17,21,0,27114,85
23,24,0,27115,87
10,27,0,27117,98
23,24,0,27118,72
25,3,0,27119,59
23,24,0,27120,66
18,20,0,27120,76
27,14,0,27121,44
25,3,0,27121,57
14,4,0,27121,116
23,24,0,27122,63
25,3,0,27123,45
9,5,0,27124,106
13,21,0,27124,121
2,13,0,27125,118
14,18,0,27126,125
14,18,0,27126,123
14,4,0,27127,122
2,13,0,27127,120
18,3,0,27127,114
14,4,0,27127,110
14,18,0,27128,114
14,18,0,27128,116
18,3,0,27129,122
14,4,0,27130,99
2,13,0,27131,110
14,15,0,27131,111
23,25,0,27132,74
14,4,0,27132,102
10,27,0,27132,81
14,15,0,27133,94
0,3,0,27133,124
14,4,0,27133,100
0,3,0,27133,109
23,25,0,27133,75
10,27,0,27133,81
14,15,0,27135,98
0,3,0,27135,105
0,3,0,27135,98
14,15,0,27136,98
14,4,0,27136,80
14,4,0,27136,100
23,13,0,27137,86
26,5,0,27138,21
14,15,0,27138,97
14,4,0,27138,78
10,27,0,27140,73
14,15,0,27140,96
23,13,0,27141,89
23,13,0,27142,86
6,26,0,27143,89
23,13,0,27143,86
6,26,0,27143,87
14,15,0,27143,97
6,26,0,27144,58
26,9,0,27144,78
23,25,0,27144,67
14,15,0,27145,97
23,13,0,27145,86
4,25,0,27145,113
6,26,0,27146,45
26,5,0,27146,21
14,16,0,27146,87
23,13,0,27146,86
14,15,0,27147,97
23,25,0,27147,63
6,26,0,27148,35
6,26,0,27148,58
14,15,0,27149,97
6,26,0,27150,32
23,25,0,27150,76
23,13,0,27150,74
6,26,0,27150,25
14,15,0,27151,93
23,13,0,27152,81
14,18,0,27152,126
0,7,0,27152,149
14,18,0,27153,128
23,25,0,27153,54
6,26,0,27153,25
23,13,0,27153,81
14,18,0,27154,101
0,7,0,27154,147
14,15,0,27155,105
14,18,0,27155,122
23,25,0,27155,77
14,16,0,27156,88
23,25,0,27156,45
14,15,0,27156,93
23,13,0,27156,64
14,18,0,27157,103
11,5,0,27158,133
14,15,0,27158,107
23,13,0,27158,82
11,5,0,27158,140
4,25,0,27159,70
23,13,0,27159,69
25,24,0,27159,72
11,5,0,27160,118
11,5,0,27160,125
14,15,0,27160,95
23,13,0,27161,79
11,12,0,27161,9
0,3,0,27162,116
17,20,0,27162,113
27,8,0,27162,139
23,13,0,27163,77
8,27,0,27163,132
27,15,0,27163,127
27,8,0,27163,162
23,13,0,27164,52
18,20,0,27164,114
27,7,0,27164,148
27,8,0,27164,153
25,5,0,27165,163
11,5,0,27165,115
27,15,0,27165,128
17,21,0,27165,114
0,3,0,27165,125
23,13,0,27165,92
8,27,0,27165,147
6,26,0,27166,22
27,8,0,27166,144
17,21,0,27166,116
17,20,0,27166,113
25,5,0,27166,146
14,18,0,27166,97
17,20,0,27167,110
27,8,0,27167,141
27,15,0,27168,146
4,25,0,27168,46
25,24,0,27168,132
6,26,0,27169,21
27,8,0,27169,145
25,24,0,27169,118
27,15,0,27169,101
23,13,0,27169,48
25,24,0,27169,92
23,16,0,27170,155
25,3,0,27171,152
25,24,0,27171,114
17,21,0,27171,111
7,27,0,27171,169
14,15,0,27171,98
27,8,0,27171,150
18,20,0,27171,119
23,13,0,27172,85
17,21,0,27172,101
17,21,0,27172,109
25,24,0,27172,115
17,20,0,27172,98
23,16,0,27173,172
14,15,0,27173,116
25,3,0,27173,134
23,25,0,27173,79
27,8,0,27173,139
17,21,0,27173,101
23,25,0,27174,83
25,24,0,27174,134
25,3,0,27175,109
18,20,0,27175,119
17,21,0,27175,100
9,8,0,27176,170
18,20,0,27176,81
6,26,0,27176,20
23,13,0,27176,49
27,8,0,27176,149
23,15,0,27177,167
17,21,0,27177,106
17,20,0,27177,110
9,12,0,27178,113
14,4,0,27178,104
23,25,0,27178,46
23,15,0,27179,162
14,4,0,27179,104
23,25,0,27179,44
23,13,0,27179,53
9,8,0,27179,155
18,20,0,27179,84
23,15,0,27180,150
27,8,0,27180,90
17,21,0,27180,100
23,15,0,27180,158
14,4,0,27180,96
23,25,0,27181,60
23,15,0,27182,157
23,25,0,27182,57
27,8,0,27182,97
2,16,0,27183,162
25,24,0,27183,121
25,5,0,27184,99
7,11,0,27184,129
13,15,0,27184,141
23,15,0,27184,136
23,13,0,27184,88
7,10,0,27184,178
7,10,0,27184,178
trip_data_format_1_1_end
