trip_data_format_1_1
11,12,0,27009,9
14,16,0,27023,22
11,12,0,27025,8
6,26,0,27029,21
6,26,0,27035,20
11,12,0,27037,9
14,15,0,27037,31
6,26,0,27038,21
6,26,0,27042,21
23,25,0,27044,40
23,25,0,27046,40
26,5,0,27047,22
14,15,0,27047,29
23,25,0,27047,39
4,27,0,27048,45
23,13,0,27048,47
6,26,0,27049,20
14,15,0,27049,27
23,13,0,27049,45
14,15,0,27052,33
14,18,0,27053,51
6,26,0,27055,21
23,25,0,27055,38
23,13,0,27057,47
23,13,0,27061,47
6,26,0,27063,22
23,25,0,27063,40
6,26,0,27063,21
23,13,0,27063,47
8,10,0,27064,52
8,10,0,27064,63
23,25,0,27065,39
23,13,0,27065,47
8,10,0,27065,61
23,13,0,27068,49
9,12,0,27069,52
8,10,0,27069,53
0,25,0,27071,67
0,3,0,27071,60
23,25,0,27071,42
23,13,0,27071,47
0,25,0,27072,57
9,27,0,27073,69
23,13,0,27075,53
9,12,0,27075,54
9,27,0,27076,65
23,13,0,27076,48
23,25,0,27078,38
18,20,0,27079,69
23,13,0,27080,47
23,13,0,27083,49
9,27,0,27083,66
23,25,0,27084,39
4,15,0,27085,83
23,13,0,27085,47
23,14,0,27086,84
9,12,0,27087,55
18,20,0,27088,61
23,13,0,27089,47
25,24,0,27089,49
17,20,0,27089,84
9,27,0,27089,68
18,20,0,27090,60
10,7,0,27090,89
10,7,0,27091,89
17,20,0,27091,87
9,27,0,27091,67
10,7,0,27092,90
10,7,0,27093,88
17,21,0,27093,88
10,8,0,27093,92
23,13,0,27094,48
9,27,0,27094,67
0,24,0,27094,92
17,20,0,27095,78
17,21,0,27095,89
9,27,0,27095,66
10,8,0,27096,90
17,20,0,27096,81
10,8,0,27097,90
1,24,0,27097,94
17,21,0,27097,79
17,21,0,27097,78
17,21,0,27097,80
1,24,0,27099,80
9,27,0,27099,66
25,13,0,27100,95
10,7,0,27100,72
17,21,0,27100,81
17,21,0,27101,79
10,8,0,27101,94
25,13,0,27102,64
10,7,0,27102,92
10,8,0,27102,90
10,7,0,27103,71
1,24,0,27103,74
11,14,0,27104,98
10,7,0,27104,67
10,8,0,27104,96
1,24,0,27106,93
2,25,0,27106,83
10,8,0,27106,89
10,7,0,27107,89
10,7,0,27107,77
18,20,0,27107,69
11,5,0,27108,96
11,5,0,27108,97
26,5,0,27108,62
0,13,0,27109,77
10,7,0,27109,64
1,24,0,27109,74
27,5,0,27110,97
4,15,0,27110,94
26,5,0,27110,28
10,7,0,27110,60
10,8,0,27110,82
17,21,0,27111,78
17,20,0,27111,80
10,8,0,27111,73
17,20,0,27112,74
27,14,0,27113,52
23,24,0,27113,108
17,20,0,27113,78
10,27,0,27114,104
17,21,0,27114,85
23,24,0,27115,87
10,27,0,27117,98
23,24,0,27118,72
25,3,0,27119,59
23,24,0,27120,66
18,20,0,27120,76
27,14,0,27121,44
25,3,0,27121,57
14,4,0,27121,116
23,24,0,27122,63
25,3,0,27123,45
9,5,0,27124,106
13,21,0,27124,121
2,13,0,27125,118
14,18,0,27126,125
14,18,0,27126,123
14,4,0,27127,122
2,13,0,27127,120
18,3,0,27127,114
14,4,0,27127,110
14,18,0,27128,114
14,18,0,27128,116
18,3,0,27129,122
14,4,0,27130,99
2,13,0,27131,110
14,15,0,27131,111
23,25,0,27132,74
14,4,0,27132,102
10,27,0,27132,81
14,15,0,27133,94
0,3,0,27133,124
14,4,0,27133,100
0,3,0,27133,109
23,25,0,27133,75
10,27,0,27133,81
14,15,0,27135,98
0,3,0,27135,105
0,3,0,27135,98
14,15,0,27136,98
14,4,0,27136,80
14,4,0,27136,100
23,13,0,27137,86
14,15,0,27138,97
14,4,0,27138,78
26,5,0,27138,21
10,27,0,27140,73
14,15,0,27140,96
23,13,0,27141,89
23,13,0,27142,86
6,26,0,27143,89
6,26,0,27143,87
14,15,0,27143,97
23,13,0,27143,86
6,26,0,27144,58
26,9,0,27144,78
23,25,0,27144,67
14,15,0,27145,97
23,13,0,27145,85
4,25,0,27145,113
6,26,0,27146,45
26,5,0,27146,21
14,16,0,27146,87
14,15,0,27147,97
23,25,0,27147,63
23,13,0,27147,88
6,26,0,27148,35
6,26,0,27148,58
14,15,0,27149,97
23,25,0,27149,58
6,26,0,27150,32
23,25,0,27150,76
6,26,0,27150,25
23,13,0,27150,74
14,15,0,27151,93
14,18,0,27152,126
23,13,0,27152,81
0,7,0,27152,149
14,18,0,27153,128
6,26,0,27153,25
14,18,0,27154,101
23,25,0,27154,55
23,13,0,27154,82
0,7,0,27154,147
14,15,0,27155,105
14,18,0,27155,122
23,25,0,27155,77
14,16,0,27156,88
23,13,0,27156,66
14,15,0,27156,93
14,18,0,27157,103
11,5,0,27158,133
14,15,0,27158,107
11,5,0,27158,140
23,25,0,27158,47
23,13,0,27158,82
4,25,0,27159,70
25,24,0,27159,72
11,5,0,27160,118
11,5,0,27160,125
14,15,0,27160,95
23,13,0,27160,68
11,12,0,27161,9
17,20,0,27162,113
27,8,0,27162,139
8,27,0,27163,132
27,15,0,27163,127
23,13,0,27163,81
27,8,0,27163,162
18,20,0,27164,114
4,25,0,27164,42
0,3,0,27164,118
27,7,0,27164,148
27,8,0,27164,153
25,5,0,27165,163
27,15,0,27165,128
23,13,0,27165,53
17,21,0,27165,114
6,26,0,27165,21
8,27,0,27165,147
23,13,0,27166,93
27,8,0,27166,144
17,21,0,27166,116
17,20,0,27166,113
25,5,0,27166,146
14,18,0,27166,97
17,20,0,27167,110
23,25,0,27167,46
27,8,0,27167,141
27,15,0,27168,146
14,18,0,27168,97
0,3,0,27168,128
6,26,0,27169,21
27,8,0,27169,145
25,24,0,27169,118
27,15,0,27169,101
25,24,0,27170,134
23,16,0,27170,155
25,24,0,27170,113
17,21,0,27171,111
7,27,0,27171,169
14,15,0,27171,98
23,13,0,27171,84
27,8,0,27171,150
25,24,0,27171,114
18,20,0,27171,119
25,3,0,27172,153
25,24,0,27172,95
17,21,0,27172,101
17,21,0,27172,109
17,20,0,27172,98
23,16,0,27173,172
14,15,0,27173,116
27,8,0,27173,139
23,25,0,27173,79
17,21,0,27173,101
25,24,0,27174,134
25,3,0,27174,135
23,13,0,27174,88
18,20,0,27175,119
23,13,0,27175,48
17,21,0,27175,100
25,3,0,27176,110
9,8,0,27176,170
18,20,0,27176,81
6,26,0,27176,20
27,8,0,27176,149
23,25,0,27177,45
23,15,0,27177,167
23,25,0,27177,52
23,13,0,27177,51
17,21,0,27177,106
17,20,0,27177,110
14,4,0,27178,104
27,8,0,27178,88
9,12,0,27178,113
23,15,0,27179,162
14,4,0,27179,104
18,20,0,27179,84
23,15,0,27180,150
17,21,0,27180,100
23,15,0,27180,158
14,4,0,27180,96
23,25,0,27180,45
23,13,0,27181,60
9,8,0,27181,157
23,15,0,27182,157
7,11,0,27182,142
27,8,0,27182,97
2,16,0,27183,162
7,11,0,27183,107
25,5,0,27184,99
23,13,0,27184,88
25,24,0,27184,122
13,15,0,27184,141
23,15,0,27184,142
7,10,0,27184,178
7,10,0,27184,178
7,10,0,27185,182
25,1,0,27185,169
6,9,0,27185,111
7,11,0,27185,130
23,13,0,27185,88
23,15,0,27186,143
6,9,0,27186,95
18,27,0,27186,166
7,10,0,27186,175
7,10,0,27186,160
7,10,0,27187,175
0,3,0,27188,106
7,10,0,27188,168
7,10,0,27188,141
23,15,0,27189,141
23,13,0,27189,54
7,10,0,27189,160
0,3,0,27190,126
7,10,0,27190,152
7,10,0,27190,153
25,24,0,27190,66
22,15,0,27191,169
23,13,0,27191,52
2,25,0,27191,132
23,25,0,27191,68
7,10,0,27191,158
7,10,0,27192,126
23,13,0,27192,76
10,7,0,27192,151
10,7,0,27192,142
7,10,0,27193,157
9,24,0,27193,181
9,27,0,27193,146
13,15,0,27193,134
23,13,0,27193,53
7,10,0,27193,146
7,10,0,27193,106
23,13,0,27194,52
7,10,0,27194,124
10,7,0,27194,141
13,15,0,27195,106
23,25,0,27195,42
0,5,0,27195,170
7,10,0,27195,155
7,10,0,27195,93
10,7,0,27195,141
9,27,0,27195,145
9,12,0,27196,120
10,8,0,27196,165
13,15,0,27196,135
10,7,0,27196,129
10,7,0,27196,140
10,8,0,27196,141
13,15,0,27197,106
7,10,0,27197,121
17,3,0,27197,190
18,3,0,27197,195
23,13,0,27197,89
7,10,0,27197,151
7,10,0,27197,90
9,27,0,27197,142
0,25,0,27198,90
10,8,0,27198,168
7,10,0,27199,120
7,10,0,27199,148
7,10,0,27199,88
18,3,0,27199,173
10,7,0,27199,137
10,7,0,27199,119
18,20,0,27199,133
23,15,0,27200,153
18,3,0,27200,167
23,13,0,27200,70
26,24,0,27200,138
4,24,0,27200,166
10,8,0,27200,157
9,27,0,27200,134
9,12,0,27201,112
7,10,0,27201,141
7,10,0,27201,120
8,10,0,27201,147
10,7,0,27201,112
25,3,0,27201,79
7,11,0,27201,147
10,7,0,27201,116
9,27,0,27201,125
25,3,0,27202,185
18,20,0,27202,91
8,10,0,27202,148
10,8,0,27202,168
23,25,0,27203,85
7,10,0,27203,118
10,7,0,27203,115
4,24,0,27203,136
7,10,0,27203,134
18,20,0,27203,82
9,27,0,27203,130
25,3,0,27204,110
4,15,0,27204,160
23,25,0,27204,61
23,13,0,27204,50
7,10,0,27204,97
18,20,0,27204,84
9,27,0,27204,111
9,12,0,27205,104
7,10,0,27205,97
10,8,0,27205,147
27,25,0,27205,194
4,15,0,27205,184
23,14,0,27205,178
23,13,0,27205,55
7,10,0,27205,134
18,14,0,27206,168
23,25,0,27206,45
4,15,0,27206,157
7,10,0,27206,92
8,10,0,27206,113
25,24,0,27206,52
9,12,0,27207,100
4,15,0,27207,167
23,14,0,27207,170
4,24,0,27207,165
7,10,0,27207,124
10,8,0,27207,151
18,20,0,27207,70
9,12,0,27208,105
23,14,0,27208,171
7,10,0,27208,108
7,10,0,27208,90
23,13,0,27209,49
10,8,0,27209,145
4,24,0,27209,168
27,3,0,27209,129
8,10,0,27209,114
10,7,0,27209,113
0,5,0,27210,153
23,14,0,27210,146
7,10,0,27210,131
7,10,0,27210,104
18,20,0,27210,67
23,14,0,27210,154
23,14,0,27211,159
27,3,0,27211,185
23,13,0,27211,67
8,10,0,27211,103
10,8,0,27211,143
8,10,0,27211,104
4,24,0,27211,96
7,10,0,27212,116
10,8,0,27212,163
17,20,0,27212,116
18,15,0,27212,82
9,27,0,27212,131
23,14,0,27213,145
10,7,0,27213,110
0,25,0,27213,158
23,13,0,27213,76
7,10,0,27213,99
8,10,0,27213,138
17,21,0,27213,124
17,4,0,27214,204
10,8,0,27214,146
23,14,0,27214,165
8,10,0,27214,94
10,7,0,27214,92
10,7,0,27214,96
1,24,0,27214,173
23,14,0,27215,140
8,10,0,27215,159
17,20,0,27215,124
9,27,0,27215,123
0,25,0,27215,163
27,3,0,27215,195
0,5,0,27216,170
23,14,0,27216,97
8,10,0,27216,102
16,21,0,27216,170
17,20,0,27216,117
0,25,0,27217,161
17,4,0,27217,189
10,8,0,27217,151
1,24,0,27217,159
23,14,0,27218,140
18,4,0,27218,181
2,13,0,27218,191
8,10,0,27218,133
8,10,0,27218,129
11,12,0,27218,14
23,14,0,27218,128
17,4,0,27218,179
0,25,0,27219,144
25,5,0,27219,218
23,14,0,27219,99
10,7,0,27219,99
10,8,0,27219,146
8,10,0,27220,123
10,8,0,27220,145
17,21,0,27220,118
2,13,0,27220,177
8,10,0,27220,126
17,21,0,27220,123
10,8,0,27221,140
1,24,0,27221,175
10,7,0,27221,86
10,7,0,27221,100
8,10,0,27222,126
0,25,0,27222,140
8,10,0,27222,105
10,8,0,27222,132
8,10,0,27223,99
8,10,0,27223,78
1,24,0,27223,159
17,21,0,27223,139
0,25,0,27224,126
8,10,0,27224,106
10,8,0,27224,131
17,20,0,27224,138
12,5,0,27224,160
11,5,0,27224,191
25,13,0,27224,133
10,7,0,27224,115
10,7,0,27225,92
1,24,0,27225,158
11,5,0,27225,175
8,9,0,27225,147
10,8,0,27225,133
9,27,0,27225,108
0,25,0,27226,112
11,14,0,27226,141
25,13,0,27226,204
11,5,0,27226,145
11,5,0,27226,124
11,5,0,27226,157
4,16,0,27226,107
8,10,0,27226,92
10,7,0,27226,86
17,21,0,27227,120
2,25,0,27227,136
26,5,0,27227,66
11,14,0,27227,142
10,7,0,27227,90
1,24,0,27227,145
25,3,0,27228,13
8,10,0,27228,97
26,5,0,27228,71
12,5,0,27228,172
25,13,0,27228,123
10,8,0,27228,131
0,24,0,27228,189
17,21,0,27228,125
9,27,0,27228,103
8,10,0,27229,99
8,10,0,27229,72
10,7,0,27229,83
10,8,0,27229,124
11,5,0,27230,97
11,5,0,27230,136
25,13,0,27230,110
1,24,0,27230,139
17,21,0,27230,118
17,20,0,27230,142
10,27,0,27230,135
4,15,0,27230,179
17,21,0,27230,115
11,5,0,27231,126
4,15,0,27231,151
10,7,0,27231,87
17,20,0,27231,108
10,8,0,27231,107
11,5,0,27232,109
8,10,0,27232,96
17,21,0,27232,115
4,15,0,27232,150
27,15,0,27232,108
11,5,0,27233,119
10,8,0,27233,107
17,21,0,27233,110
17,20,0,27233,120
2,25,0,27233,95
8,10,0,27233,74
23,24,0,27233,133
10,27,0,27233,139
4,15,0,27234,115
4,15,0,27234,143
25,13,0,27234,172
17,20,0,27234,91
11,5,0,27234,102
17,1,0,27234,213
4,15,0,27235,105
17,4,0,27235,178
17,21,0,27235,106
23,24,0,27235,101
17,21,0,27235,134
17,21,0,27235,116
26,5,0,27236,73
25,13,0,27236,137
17,4,0,27236,167
8,9,0,27236,111
26,5,0,27237,44
26,5,0,27237,45
4,15,0,27237,113
26,5,0,27237,28
25,13,0,27237,208
18,20,0,27238,71
26,5,0,27238,40
4,15,0,27238,121
17,21,0,27238,93
10,27,0,27238,119
10,5,0,27239,174
25,3,0,27239,158
23,24,0,27239,105
17,21,0,27239,142
23,24,0,27240,104
10,27,0,27240,112
17,21,0,27241,116
10,5,0,27241,156
25,3,0,27241,165
25,13,0,27241,66
23,24,0,27241,98
13,20,0,27242,215
9,5,0,27243,201
25,13,0,27243,125
25,3,0,27243,150
14,4,0,27243,153
25,13,0,27244,46
9,5,0,27244,159
2,21,0,27244,238
2,21,0,27244,173
25,3,0,27245,159
6,9,0,27245,88
23,24,0,27245,94
0,9,0,27245,223
14,16,0,27246,173
23,18,0,27246,211
14,18,0,27246,119
14,4,0,27246,130
13,21,0,27246,176
25,9,0,27246,238
13,21,0,27246,209
2,21,0,27246,228
10,27,0,27246,104
25,3,0,27247,130
14,4,0,27247,156
23,24,0,27247,82
11,12,0,27247,8
0,9,0,27247,224
14,4,0,27248,127
1,9,0,27248,242
13,21,0,27248,234
13,20,0,27248,223
4,18,0,27248,215
2,13,0,27248,200
23,18,0,27249,226
25,3,0,27249,154
13,21,0,27249,184
2,9,0,27249,243
2,9,0,27249,225
23,24,0,27249,69
23,25,0,27250,74
2,13,0,27250,177
13,21,0,27250,196
22,18,0,27250,244
2,9,0,27250,236
14,20,0,27250,246
14,15,0,27251,159
25,3,0,27251,116
14,4,0,27251,113
23,25,0,27251,100
11,12,0,27252,11
2,9,0,27252,225
2,9,0,27252,227
22,24,0,27252,168
13,21,0,27252,226
13,21,0,27252,188
14,20,0,27252,245
14,15,0,27252,176
2,13,0,27252,203
14,16,0,27253,116
0,3,0,27253,188
13,21,0,27253,211
13,21,0,27253,201
0,3,0,27253,152
2,9,0,27253,222
13,20,0,27253,196
2,9,0,27254,184
1,13,0,27254,180
13,21,0,27254,206
0,3,0,27254,161
14,4,0,27255,104
14,21,0,27255,243
10,27,0,27255,106
14,15,0,27256,194
2,9,0,27256,175
25,13,0,27256,29
13,21,0,27256,141
14,16,0,27256,192
14,4,0,27256,112
2,9,0,27256,202
25,24,0,27256,86
13,21,0,27256,171
14,15,0,27257,195
13,21,0,27257,179
14,16,0,27258,162
1,9,0,27258,169
23,25,0,27258,79
23,13,0,27258,89
0,3,0,27258,155
14,4,0,27258,95
14,4,0,27258,79
2,9,0,27258,171
6,26,0,27259,69
6,26,0,27259,55
4,18,0,27259,182
23,14,0,27259,132
18,14,0,27259,212
0,9,0,27259,206
13,21,0,27259,160
23,13,0,27260,103
26,5,0,27261,23
23,14,0,27261,133
0,3,0,27261,145
14,4,0,27261,77
2,9,0,27261,176
6,26,0,27261,23
23,14,0,27261,158
10,27,0,27261,80
23,25,0,27262,77
1,9,0,27262,172
26,9,0,27262,114
23,13,0,27262,118
10,27,0,27263,56
26,9,0,27264,114
23,13,0,27264,87
14,4,0,27265,77
14,15,0,27265,199
14,4,0,27265,83
26,9,0,27266,102
26,9,0,27266,112
23,13,0,27266,114
14,15,0,27267,179
10,27,0,27267,75
6,26,0,27268,20
23,13,0,27269,110
11,5,0,27270,113
26,5,0,27270,21
22,13,0,27270,225
10,25,0,27270,232
23,25,0,27270,62
11,5,0,27271,124
14,15,0,27271,172
0,3,0,27271,119
11,5,0,27271,133
20,13,0,27272,208
11,5,0,27273,98
14,15,0,27273,156
11,5,0,27273,112
9,12,0,27273,163
14,18,0,27273,183
14,18,0,27273,178
23,13,0,27273,107
0,7,0,27273,260
14,15,0,27274,176
9,12,0,27275,146
8,27,0,27275,223
10,25,0,27275,230
11,5,0,27275,95
0,3,0,27275,148
23,13,0,27275,110
14,15,0,27276,115
27,8,0,27276,230
8,12,0,27277,243
14,18,0,27277,185
27,8,0,27277,228
14,15,0,27278,172
23,13,0,27278,104
10,25,0,27279,230
11,5,0,27279,106
8,12,0,27279,219
11,12,0,27279,9
14,15,0,27279,145
27,7,0,27279,201
27,8,0,27279,167
25,24,0,27279,99
8,27,0,27279,233
25,24,0,27280,98
23,13,0,27280,89
27,8,0,27280,213
11,24,0,27280,234
23,25,0,27281,69
25,5,0,27281,147
27,8,0,27281,168
17,20,0,27282,129
27,24,0,27283,276
25,5,0,27283,134
8,12,0,27283,176
8,27,0,27283,203
23,13,0,27284,113
11,24,0,27284,255
8,27,0,27284,167
23,25,0,27285,40
27,8,0,27285,170
17,21,0,27285,169
23,13,0,27285,80
27,8,0,27285,230
17,21,0,27285,124
27,15,0,27287,208
23,25,0,27287,74
23,13,0,27287,102
17,21,0,27287,123
4,25,0,27287,135
7,12,0,27287,127
27,8,0,27287,233
23,25,0,27288,48
27,8,0,27288,232
11,24,0,27288,205
17,21,0,27288,120
17,21,0,27288,178
17,21,0,27288,121
18,20,0,27288,106
27,8,0,27289,162
23,13,0,27289,84
11,24,0,27289,174
17,21,0,27289,120
18,20,0,27289,100
6,26,0,27290,21
27,15,0,27290,184
11,24,0,27290,216
17,21,0,27290,181
17,20,0,27290,111
6,26,0,27291,21
23,25,0,27291,70
27,8,0,27291,218
26,24,0,27291,195
23,13,0,27292,99
4,25,0,27292,95
8,15,0,27292,278
27,8,0,27292,141
17,20,0,27292,146
26,24,0,27293,194
2,16,0,27293,264
23,13,0,27293,68
27,8,0,27293,227
7,27,0,27293,151
9,8,0,27294,219
17,20,0,27294,108
23,25,0,27294,80
26,24,0,27294,210
23,13,0,27295,97
27,8,0,27295,219
17,21,0,27295,113
9,12,0,27296,140
14,4,0,27296,101
4,27,0,27296,77
27,8,0,27296,233
25,24,0,27296,225
25,24,0,27296,228
17,21,0,27296,96
18,20,0,27296,110
8,27,0,27296,161
4,25,0,27296,146
23,16,0,27296,141
7,11,0,27297,163
23,13,0,27297,86
17,21,0,27297,138
18,20,0,27297,114
23,15,0,27297,199
23,13,0,27297,95
9,8,0,27297,190
25,24,0,27297,142
23,15,0,27298,231
9,12,0,27299,168
23,15,0,27299,222
23,13,0,27299,76
17,20,0,27299,97
9,8,0,27299,219
23,15,0,27300,231
14,4,0,27300,96
23,13,0,27300,75
25,24,0,27300,296
9,12,0,27301,153
23,15,0,27301,220
26,9,0,27301,126
23,13,0,27301,82
23,15,0,27302,198
12,9,0,27302,221
9,12,0,27303,146
22,15,0,27303,279
23,25,0,27303,67
25,24,0,27303,119
2,16,0,27303,241
23,15,0,27303,218
23,13,0,27303,72
22,15,0,27304,235
27,9,0,27304,229
23,13,0,27304,72
17,1,0,27304,273
6,9,0,27305,108
23,13,0,27305,91
8,10,0,27305,146
7,10,0,27305,187
17,1,0,27305,283
4,25,0,27305,51
9,12,0,27305,144
23,25,0,27305,39
9,12,0,27306,127
7,27,0,27306,174
23,15,0,27306,143
22,15,0,27306,266
17,1,0,27306,280
0,5,0,27307,208
7,11,0,27307,125
23,13,0,27307,100
7,10,0,27307,188
8,10,0,27307,147
17,1,0,27307,267
23,15,0,27307,174
2,15,0,27308,263
7,10,0,27308,184
0,5,0,27308,195
22,15,0,27308,243
7,10,0,27308,183
23,25,0,27309,81
23,13,0,27309,82
7,10,0,27309,180
25,1,0,27309,102
17,1,0,27309,275
22,15,0,27310,218
27,14,0,27310,110
0,25,0,27311,157
7,10,0,27311,184
7,10,0,27311,149
25,24,0,27311,50
23,13,0,27311,96
22,15,0,27312,279
8,9,0,27312,152
23,25,0,27312,39
7,10,0,27312,182
10,7,0,27312,180
7,10,0,27313,143
26,24,0,27313,196
23,13,0,27313,79
7,10,0,27313,167
10,7,0,27313,166
9,27,0,27313,147
9,12,0,27314,126
27,14,0,27314,100
23,25,0,27314,45
7,9,0,27314,193
10,7,0,27314,160
10,7,0,27314,163
23,13,0,27315,87
7,10,0,27315,189
7,10,0,27315,154
10,8,0,27315,184
22,15,0,27316,216
7,10,0,27316,169
10,7,0,27316,178
0,5,0,27316,198
9,12,0,27316,122
7,10,0,27316,132
10,7,0,27316,172
10,8,0,27316,216
23,13,0,27317,71
25,3,0,27317,135
25,3,0,27317,143
7,10,0,27317,142
2,15,0,27318,236
2,15,0,27318,235
9,27,0,27318,148
23,13,0,27318,67
7,10,0,27318,121
10,7,0,27318,165
10,7,0,27318,154
26,24,0,27318,213
23,25,0,27319,69
7,10,0,27319,133
10,8,0,27319,178
26,24,0,27319,177
22,15,0,27320,294
25,3,0,27320,50
7,9,0,27320,195
7,10,0,27320,164
10,7,0,27320,146
8,25,0,27320,303
9,12,0,27320,111
22,15,0,27320,229
25,3,0,27320,218
23,13,0,27320,77
10,7,0,27320,154
7,10,0,27321,123
25,3,0,27321,92
7,11,0,27321,106
23,13,0,27321,61
7,10,0,27321,153
7,10,0,27321,160
10,7,0,27321,137
17,21,0,27321,122
2,15,0,27322,275
13,15,0,27322,226
18,3,0,27322,279
7,10,0,27322,113
10,7,0,27322,134
10,8,0,27322,196
7,9,0,27322,184
0,25,0,27323,199
18,3,0,27323,184
7,10,0,27323,120
26,24,0,27323,211
23,13,0,27323,75
10,7,0,27323,136
8,25,0,27324,293
22,15,0,27324,231
18,3,0,27324,275
7,10,0,27324,152
7,10,0,27324,105
0,5,0,27324,187
4,15,0,27324,184
23,13,0,27324,59
10,7,0,27324,149
10,8,0,27324,178
17,20,0,27324,143
7,10,0,27325,118
22,15,0,27325,206
18,14,0,27325,227
27,3,0,27325,302
7,10,0,27325,145
7,10,0,27325,101
10,8,0,27325,175
26,24,0,27325,192
16,14,0,27326,312
23,13,0,27326,59
10,7,0,27326,131
18,20,0,27326,106
18,3,0,27326,261
7,9,0,27326,176
7,10,0,27326,112
9,27,0,27326,134
16,14,0,27327,254
0,25,0,27327,135
13,15,0,27327,185
22,15,0,27327,275
25,3,0,27327,22
7,10,0,27327,140
16,14,0,27328,279
23,13,0,27328,47
8,10,0,27328,159
10,8,0,27328,168
17,20,0,27328,134
0,5,0,27328,186
18,3,0,27328,257
8,10,0,27328,138
4,15,0,27329,188
0,25,0,27329,142
22,15,0,27329,293
23,13,0,27329,87
18,20,0,27329,96
0,5,0,27330,189
23,14,0,27330,162
10,7,0,27330,123
8,25,0,27330,322
25,3,0,27330,18
10,24,0,27330,311
9,27,0,27330,136
23,14,0,27331,243
23,14,0,27331,142
10,8,0,27331,175
4,15,0,27331,182
23,13,0,27331,65
7,10,0,27331,136
18,20,0,27331,88
10,8,0,27332,164
27,24,0,27332,311
27,25,0,27332,275
23,14,0,27332,236
25,3,0,27332,27
10,7,0,27332,120
9,27,0,27333,135
17,4,0,27333,272
8,10,0,27333,164
17,20,0,27333,134
23,14,0,27334,232
10,8,0,27334,169
27,3,0,27334,282
23,13,0,27334,76
0,25,0,27335,142
23,14,0,27335,174
10,7,0,27335,157
1,24,0,27335,243
17,20,0,27335,123
18,4,0,27335,285
8,10,0,27335,154
10,8,0,27335,178
23,14,0,27336,182
23,13,0,27336,61
10,7,0,27336,109
17,21,0,27336,120
23,14,0,27336,207
17,4,0,27336,266
7,10,0,27336,131
17,21,0,27336,129
18,20,0,27336,119
9,27,0,27336,141
1,24,0,27337,214
23,14,0,27337,178
10,8,0,27337,167
9,27,0,27337,116
25,3,0,27338,15
7,9,0,27338,147
23,13,0,27338,89
8,10,0,27338,135
10,7,0,27338,115
18,20,0,27338,110
10,7,0,27339,110
1,24,0,27339,211
23,14,0,27339,157
18,4,0,27339,214
23,13,0,27339,57
7,10,0,27339,128
10,8,0,27339,167
9,27,0,27339,139
23,14,0,27340,157
10,7,0,27340,109
1,24,0,27340,215
17,21,0,27340,125
18,20,0,27340,85
11,5,0,27340,150
18,4,0,27340,279
10,7,0,27340,108
10,8,0,27340,167
11,5,0,27341,119
11,5,0,27341,146
17,21,0,27341,116
9,27,0,27341,139
18,4,0,27341,242
7,9,0,27341,152
23,13,0,27341,65
7,10,0,27341,131
18,20,0,27341,80
11,5,0,27342,131
10,8,0,27342,156
26,5,0,27342,76
8,10,0,27342,136
9,27,0,27342,140
7,9,0,27343,144
1,24,0,27343,147
27,25,0,27343,272
27,3,0,27343,298
23,13,0,27343,56
18,20,0,27343,81
11,5,0,27344,109
8,10,0,27344,136
10,8,0,27344,134
11,5,0,27344,120
26,5,0,27344,78
0,24,0,27344,145
17,21,0,27344,83
18,20,0,27344,74
17,21,0,27345,107
18,4,0,27345,265
23,13,0,27345,81
10,7,0,27345,100
1,24,0,27345,133
11,5,0,27346,102
10,8,0,27346,134
16,20,0,27346,230
18,4,0,27347,220
2,13,0,27347,286
8,10,0,27347,127
0,24,0,27347,108
10,8,0,27347,132
17,21,0,27347,88
18,4,0,27348,197
8,10,0,27348,120
17,20,0,27348,92
18,4,0,27348,210
23,13,0,27348,71
1,24,0,27348,115
2,13,0,27349,244
10,8,0,27349,126
10,5,0,27349,156
18,20,0,27349,78
4,15,0,27350,184
0,25,0,27350,145
10,7,0,27350,93
18,20,0,27350,77
9,27,0,27350,122
17,4,0,27351,214
2,13,0,27351,236
1,24,0,27351,123
17,21,0,27351,84
8,10,0,27351,97
10,8,0,27351,118
4,15,0,27352,145
7,9,0,27352,136
4,15,0,27353,192
10,8,0,27353,119
17,4,0,27353,201
2,13,0,27353,286
8,10,0,27353,112
17,20,0,27353,134
10,27,0,27353,176
4,15,0,27354,132
0,25,0,27354,130
8,9,0,27354,182
22,24,0,27354,226
17,21,0,27354,85
4,15,0,27355,177
27,15,0,27355,162
8,9,0,27355,156
2,13,0,27355,276
17,20,0,27355,116
23,24,0,27355,160
4,15,0,27356,157
4,15,0,27356,169
2,13,0,27356,228
10,27,0,27356,171
4,15,0,27357,148
17,20,0,27357,130
4,15,0,27358,177
4,15,0,27358,132
2,13,0,27358,241
23,24,0,27358,160
17,21,0,27358,103
8,9,0,27358,157
17,20,0,27358,106
18,3,0,27359,206
2,13,0,27359,270
23,24,0,27359,155
17,21,0,27359,79
18,3,0,27359,259
10,27,0,27359,169
4,15,0,27360,128
8,9,0,27360,151
25,13,0,27360,143
17,20,0,27360,115
14,4,0,27361,148
23,24,0,27361,146
4,15,0,27361,120
4,15,0,27362,132
18,3,0,27362,246
2,13,0,27362,159
8,9,0,27362,146
17,20,0,27363,94
18,3,0,27363,240
25,13,0,27363,93
14,15,0,27364,109
23,24,0,27364,158
2,21,0,27364,331
0,9,0,27364,294
18,20,0,27364,83
10,27,0,27364,127
26,5,0,27365,22
0,9,0,27365,301
17,3,0,27365,260
2,21,0,27365,312
14,18,0,27366,230
14,4,0,27366,132
0,9,0,27366,295
25,13,0,27366,226
14,18,0,27366,198
14,4,0,27366,165
23,24,0,27367,150
2,21,0,27367,303
2,21,0,27367,315
17,20,0,27367,106
25,3,0,27367,119
27,9,0,27368,267
26,9,0,27368,362
25,13,0,27368,130
14,21,0,27368,333
2,21,0,27368,283
18,20,0,27368,85
11,12,0,27368,8
14,18,0,27368,274
25,13,0,27369,131
23,24,0,27369,136
18,3,0,27369,233
0,9,0,27369,298
27,18,0,27370,322
10,27,0,27370,121
14,4,0,27370,261
0,9,0,27370,283
25,13,0,27370,230
0,9,0,27371,265
13,21,0,27371,266
14,15,0,27371,193
25,3,0,27371,116
23,24,0,27371,131
13,21,0,27371,246
13,20,0,27371,214
0,9,0,27372,263
25,13,0,27372,205
10,27,0,27372,121
14,16,0,27372,187
0,18,0,27372,331
2,21,0,27372,286
13,21,0,27372,245
14,15,0,27373,194
0,3,0,27373,213
14,4,0,27373,130
14,21,0,27373,354
14,20,0,27373,344
0,9,0,27373,241
25,13,0,27373,184
2,18,0,27374,277
0,3,0,27374,213
14,4,0,27374,120
2,9,0,27374,268
2,21,0,27374,322
10,5,0,27374,165
14,20,0,27374,342
6,26,0,27375,86
6,26,0,27375,92
14,15,0,27375,242
25,3,0,27375,239
25,13,0,27375,171
4,18,0,27376,222
10,27,0,27376,103
0,3,0,27376,215
14,4,0,27376,140
0,9,0,27376,243
6,26,0,27377,86
6,26,0,27377,90
26,5,0,27377,24
14,15,0,27377,201
13,21,0,27377,271
14,21,0,27377,310
2,9,0,27377,184
23,25,0,27377,94
23,13,0,27377,84
9,24,0,27377,333
26,24,0,27377,326
11,12,0,27378,19
0,9,0,27378,275
13,21,0,27378,275
13,20,0,27378,281
6,26,0,27378,62
6,26,0,27378,62
0,3,0,27378,211
14,21,0,27378,355
23,14,0,27379,177
26,9,0,27379,111
14,20,0,27379,363
23,14,0,27379,187
23,14,0,27379,201
26,9,0,27379,97
4,24,0,27379,206
26,18,0,27380,321
0,3,0,27380,213
14,20,0,27380,297
6,26,0,27380,51
14,15,0,27380,192
23,14,0,27380,266
6,26,0,27381,47
23,14,0,27381,152
4,18,0,27382,239
25,3,0,27382,239
26,9,0,27382,68
27,9,0,27382,272
23,13,0,27382,86
4,24,0,27382,200
14,15,0,27382,156
10,27,0,27382,113
6,26,0,27383,45
11,5,0,27383,122
23,13,0,27383,89
26,5,0,27384,19
13,21,0,27384,253
11,5,0,27384,103
14,15,0,27384,221
4,18,0,27384,231
25,3,0,27384,312
23,13,0,27384,101
23,13,0,27385,107
11,5,0,27386,124
14,15,0,27386,237
0,3,0,27386,222
11,5,0,27386,121
23,13,0,27386,90
10,27,0,27386,84
23,18,0,27387,274
14,16,0,27388,196
25,3,0,27388,314
23,13,0,27388,87
4,18,0,27389,158
11,5,0,27389,105
11,5,0,27389,104
23,13,0,27389,105
0,3,0,27390,217
23,13,0,27390,87
6,26,0,27391,21
7,27,0,27391,234
11,5,0,27391,79
11,5,0,27391,86
2,18,0,27391,358
23,13,0,27391,106
14,15,0,27392,247
0,7,0,27392,329
14,16,0,27392,189
25,3,0,27392,241
23,13,0,27392,85
7,12,0,27393,200
2,24,0,27393,189
11,5,0,27394,78
23,13,0,27394,104
7,27,0,27394,169
4,18,0,27394,188
0,7,0,27394,314
25,3,0,27395,238
26,5,0,27395,24
23,13,0,27395,102
11,5,0,27396,110
14,15,0,27396,146
0,7,0,27396,301
14,18,0,27396,195
0,3,0,27396,185
27,8,0,27396,332
0,5,0,27397,258
14,15,0,27397,244
7,27,0,27397,169
23,25,0,27397,77
23,13,0,27397,76
14,18,0,27398,206
27,8,0,27398,272
0,7,0,27398,321
8,27,0,27398,231
26,24,0,27399,323
25,3,0,27399,240
4,24,0,27399,197
9,25,0,27400,317
27,7,0,27400,302
6,26,0,27400,21
14,18,0,27400,228
23,13,0,27400,103
14,15,0,27401,144
23,13,0,27401,78
9,8,0,27401,287
4,24,0,27401,256
8,27,0,27401,191
4,24,0,27401,158
25,5,0,27402,200
25,3,0,27402,242
27,7,0,27402,343
14,15,0,27403,256
23,25,0,27403,93
23,13,0,27403,95
25,24,0,27403,264
26,5,0,27403,377
27,8,0,27403,318
23,13,0,27404,88
25,24,0,27404,254
0,3,0,27404,227
27,7,0,27404,301
18,20,0,27404,89
8,27,0,27404,227
23,13,0,27405,105
27,8,0,27405,318
4,24,0,27405,188
9,25,0,27405,318
0,7,0,27405,291
4,24,0,27405,176
23,13,0,27406,91
27,24,0,27406,317
17,21,0,27406,114
17,21,0,27406,117
17,21,0,27406,113
17,20,0,27406,109
8,27,0,27406,197
6,26,0,27406,20
4,18,0,27407,157
0,7,0,27407,282
27,8,0,27407,253
0,3,0,27407,239
17,20,0,27407,110
23,13,0,27408,91
17,21,0,27408,113
8,27,0,27408,159
14,18,0,27409,201
18,20,0,27409,84
23,25,0,27409,93
27,8,0,27409,292
17,21,0,27409,102
27,15,0,27410,310
7,11,0,27410,192
11,24,0,27410,225
8,27,0,27410,168
23,13,0,27411,89
27,7,0,27411,339
11,24,0,27411,256
0,3,0,27411,236
9,8,0,27411,364
17,21,0,27411,103
8,27,0,27411,196
23,13,0,27412,61
27,8,0,27412,233
6,26,0,27413,22
27,7,0,27413,326
8,27,0,27413,192
10,25,0,27413,288
27,8,0,27413,201
17,20,0,27413,106
27,7,0,27414,270
25,24,0,27414,287
17,21,0,27414,96
6,26,0,27414,22
0,3,0,27414,206
7,27,0,27414,145
23,13,0,27415,58
25,24,0,27415,162
17,20,0,27415,103
6,26,0,27415,21
14,4,0,27416,107
17,20,0,27416,107
25,24,0,27416,205
23,16,0,27417,185
27,9,0,27417,348
23,13,0,27417,58
27,7,0,27417,315
9,25,0,27417,299
13,15,0,27417,241
13,15,0,27417,276
27,9,0,27417,331
8,27,0,27417,195
23,13,0,27418,104
4,25,0,27418,157
27,9,0,27418,317
23,25,0,27418,127
8,27,0,27418,181
23,15,0,27419,240
27,9,0,27419,341
18,20,0,27419,83
22,15,0,27419,280
25,24,0,27419,266
25,24,0,27419,221
2,16,0,27420,312
0,3,0,27420,198
17,21,0,27420,95
23,25,0,27420,86
18,20,0,27420,80
9,12,0,27421,196
13,15,0,27421,255
22,15,0,27421,294
26,9,0,27421,85
23,15,0,27421,274
14,4,0,27421,168
7,27,0,27421,131
18,9,0,27422,330
23,13,0,27422,69
25,24,0,27422,141
10,25,0,27422,282
7,27,0,27423,128
23,15,0,27423,201
23,15,0,27424,164
23,13,0,27424,60
22,15,0,27424,299
7,10,0,27425,199
7,10,0,27425,195
17,1,0,27425,331
17,1,0,27425,341
9,27,0,27426,194
7,10,0,27426,169
17,1,0,27426,306
23,15,0,27427,240
23,13,0,27427,106
7,10,0,27427,209
7,10,0,27427,179
17,1,0,27427,340
9,27,0,27428,220
11,12,0,27428,13
23,15,0,27428,217
23,13,0,27428,92
7,10,0,27428,169
7,10,0,27428,170
17,1,0,27428,258
7,10,0,27429,165
17,1,0,27429,273
27,15,0,27429,411
23,13,0,27430,111
7,10,0,27430,175
9,27,0,27430,202
7,10,0,27430,163
11,27,0,27431,315
7,10,0,27431,199
25,24,0,27431,124
17,1,0,27431,300
23,15,0,27431,179
23,25,0,27431,82
23,13,0,27431,53
27,1,0,27431,396
9,27,0,27431,212
23,15,0,27432,231
26,24,0,27432,247
7,10,0,27432,184
7,10,0,27432,160
10,7,0,27433,206
10,7,0,27433,182
25,1,0,27433,173
9,27,0,27433,188
2,16,0,27433,306
22,15,0,27433,310
8,9,0,27433,214
23,13,0,27433,56
4,25,0,27434,97
7,10,0,27434,118
9,27,0,27434,210
7,10,0,27434,195
10,7,0,27434,180
23,13,0,27435,102
10,8,0,27435,195
23,15,0,27435,160
10,7,0,27435,192
23,15,0,27436,174
7,10,0,27436,95
2,16,0,27436,313
7,10,0,27436,168
7,10,0,27436,176
10,8,0,27436,194
25,5,0,27437,214
23,15,0,27437,229
25,3,0,27437,168
23,25,0,27437,112
7,10,0,27437,120
10,7,0,27437,179
25,5,0,27438,317
2,16,0,27438,291
25,3,0,27438,208
10,7,0,27438,188
9,27,0,27438,191
23,15,0,27438,201
22,15,0,27438,195
11,27,0,27438,360
7,10,0,27438,151
9,27,0,27438,206
25,3,0,27439,249
23,13,0,27439,100
7,10,0,27439,169
10,8,0,27439,199
23,13,0,27439,85
8,10,0,27439,148
10,7,0,27439,183
18,20,0,27439,76
25,3,0,27440,163
10,7,0,27440,187
22,15,0,27440,291
7,9,0,27440,182
7,10,0,27440,144
7,10,0,27440,154
25,5,0,27441,222
8,10,0,27441,168
10,7,0,27441,186
25,3,0,27441,157
7,10,0,27441,142
10,7,0,27441,180
10,8,0,27441,189
9,27,0,27441,201
23,13,0,27442,102
7,9,0,27442,178
7,10,0,27442,154
10,7,0,27442,143
26,1,0,27442,234
9,12,0,27443,130
7,11,0,27443,203
23,13,0,27443,69
27,15,0,27443,437
25,3,0,27443,133
7,10,0,27443,95
7,10,0,27443,137
10,7,0,27443,136
10,8,0,27443,178
25,5,0,27444,275
23,25,0,27444,106
23,13,0,27444,59
7,10,0,27444,152
26,24,0,27444,254
2,15,0,27444,315
18,3,0,27444,195
26,24,0,27444,238
7,11,0,27445,176
7,10,0,27445,101
10,8,0,27445,185
25,14,0,27445,290
25,3,0,27445,157
7,10,0,27445,121
27,15,0,27446,445
16,14,0,27446,327
9,27,0,27446,190
23,13,0,27446,65
7,10,0,27446,143
10,8,0,27446,208
26,24,0,27446,209
8,12,0,27447,214
23,14,0,27447,188
7,11,0,27447,176
8,10,0,27447,104
26,15,0,27447,350
18,14,0,27447,155
13,15,0,27448,286
23,13,0,27448,94
7,10,0,27448,142
26,24,0,27448,228
9,27,0,27448,183
7,10,0,27448,126
26,24,0,27448,203
23,14,0,27449,200
11,27,0,27449,386
4,15,0,27449,208
13,15,0,27449,291
23,14,0,27449,196
7,11,0,27449,178
7,10,0,27449,139
10,8,0,27449,171
7,10,0,27450,117
10,7,0,27450,185
9,27,0,27450,140
10,8,0,27450,137
23,13,0,27451,84
16,20,0,27451,231
25,5,0,27451,304
23,14,0,27451,190
7,11,0,27451,112
7,10,0,27451,123
9,27,0,27451,154
25,14,0,27452,247
8,10,0,27452,184
10,8,0,27452,178
23,14,0,27453,185
18,4,0,27453,299
23,13,0,27453,60
8,10,0,27454,115
10,7,0,27454,166
10,7,0,27454,150
10,8,0,27454,127
1,24,0,27454,218
14,21,0,27454,299
18,4,0,27455,290
16,20,0,27455,132
23,14,0,27455,198
8,10,0,27455,120
8,10,0,27455,86
23,14,0,27456,185
23,13,0,27456,58
8,10,0,27456,98
11,5,0,27456,122
11,5,0,27456,135
16,21,0,27456,219
17,20,0,27456,130
23,14,0,27457,179
8,10,0,27457,121
8,10,0,27457,70
10,8,0,27457,158
1,24,0,27457,233
23,13,0,27457,58
11,5,0,27458,101
10,8,0,27458,172
17,4,0,27458,337
1,24,0,27458,102
27,14,0,27459,440
8,10,0,27459,87
17,21,0,27459,137
11,5,0,27459,145
23,14,0,27459,157
23,13,0,27459,84
8,10,0,27459,119
10,8,0,27459,141
18,20,0,27459,63
11,5,0,27460,102
10,7,0,27460,124
9,27,0,27460,171
23,14,0,27460,181
8,10,0,27460,93
17,20,0,27460,112
17,4,0,27461,331
10,7,0,27461,131
11,5,0,27461,112
26,5,0,27461,54
23,13,0,27461,115
8,10,0,27461,122
17,21,0,27461,121
17,20,0,27461,130
8,25,0,27462,349
18,4,0,27462,212
8,9,0,27462,194
10,8,0,27462,137
9,27,0,27462,173
11,5,0,27462,105
8,10,0,27462,113
17,21,0,27462,121
0,25,0,27463,188
17,4,0,27463,225
10,8,0,27463,155
17,4,0,27463,273
23,13,0,27463,103
10,7,0,27463,190
17,21,0,27463,126
10,7,0,27464,124
0,25,0,27464,166
17,21,0,27464,131
2,13,0,27465,294
17,20,0,27465,127
10,8,0,27465,141
9,27,0,27465,148
18,4,0,27466,273
0,25,0,27466,128
2,13,0,27466,310
10,8,0,27466,131
26,5,0,27467,64
9,5,0,27467,199
17,20,0,27467,121
9,27,0,27467,171
25,13,0,27468,124
10,8,0,27468,131
17,4,0,27468,259
2,13,0,27469,323
10,8,0,27469,145
17,21,0,27469,134
10,7,0,27469,137
9,27,0,27470,169
11,12,0,27470,11
4,15,0,27470,214
4,15,0,27470,213
18,4,0,27470,243
10,7,0,27470,122
10,8,0,27470,156
17,4,0,27471,258
11,14,0,27471,360
25,13,0,27471,149
4,15,0,27472,214
4,16,0,27472,197
4,15,0,27472,211
10,8,0,27472,194
23,24,0,27472,137
17,20,0,27472,107
11,14,0,27473,346
17,20,0,27473,99
4,15,0,27474,212
17,4,0,27474,263
2,13,0,27474,310
17,1,0,27474,272
17,21,0,27474,109
0,25,0,27475,186
4,15,0,27475,211
4,15,0,27475,194
27,14,0,27475,326
4,15,0,27475,166
0,13,0,27475,313
23,24,0,27476,135
10,27,0,27476,145
0,25,0,27477,234
4,15,0,27477,218
23,24,0,27477,134
4,15,0,27477,177
17,4,0,27477,199
25,13,0,27477,215
4,15,0,27478,208
17,21,0,27478,94
17,20,0,27478,110
4,15,0,27479,200
4,15,0,27479,180
18,3,0,27479,260
25,13,0,27479,223
23,24,0,27479,123
17,20,0,27480,98
4,15,0,27481,167
11,14,0,27481,333
25,13,0,27481,189
9,5,0,27481,198
23,24,0,27481,120
4,15,0,27482,205
25,3,0,27482,143
25,13,0,27482,143
27,14,0,27482,273
14,4,0,27482,181
25,13,0,27483,181
23,24,0,27483,71
9,5,0,27484,190
11,12,0,27484,9
4,15,0,27484,205
18,3,0,27484,294
14,15,0,27484,196
26,9,0,27484,129
25,13,0,27484,97
11,14,0,27485,270
18,3,0,27485,293
14,4,0,27485,210
17,21,0,27485,96
2,21,0,27485,325
26,5,0,27485,25
27,15,0,27485,144
26,9,0,27485,125
23,24,0,27486,63
17,21,0,27486,90
14,21,0,27486,371
4,18,0,27486,247
18,3,0,27486,317
26,9,0,27486,120
26,9,0,27486,117
25,13,0,27486,80
4,15,0,27487,190
27,14,0,27487,310
25,3,0,27487,129
13,21,0,27488,282
13,21,0,27488,224
14,18,0,27488,299
2,9,0,27489,379
2,13,0,27489,294
4,15,0,27489,188
27,14,0,27489,308
18,3,0,27489,251
2,9,0,27489,398
7,18,0,27490,459
14,4,0,27490,210
2,9,0,27490,349
14,21,0,27490,378
2,9,0,27490,329
6,26,0,27491,92
6,26,0,27491,94
25,3,0,27491,105
23,18,0,27491,252
2,9,0,27491,307
2,13,0,27491,293
13,21,0,27491,252
10,27,0,27491,143
4,15,0,27492,167
2,9,0,27492,340
6,26,0,27492,91
6,26,0,27492,90
2,13,0,27492,247
0,3,0,27493,260
6,26,0,27494,81
23,18,0,27494,242
1,9,0,27494,355
6,26,0,27494,83
11,5,0,27494,102
14,15,0,27494,186
23,25,0,27494,161
2,13,0,27494,268
2,21,0,27494,363
11,5,0,27495,118
2,9,0,27495,360
14,15,0,27495,168
10,27,0,27495,202
6,26,0,27496,73
4,15,0,27496,194
2,18,0,27496,399
1,9,0,27496,309
11,5,0,27496,106
2,9,0,27496,360
25,24,0,27496,87
17,20,0,27496,168
14,15,0,27497,245
23,13,0,27497,90
26,24,0,27497,248
10,27,0,27497,135
6,26,0,27497,83
27,18,0,27497,483
6,26,0,27498,68
26,9,0,27498,461
26,9,0,27498,479
2,21,0,27498,361
17,20,0,27498,106
14,15,0,27498,284
18,4,0,27498,162
11,5,0,27499,100
23,14,0,27499,202
0,3,0,27499,287
9,24,0,27499,430
6,26,0,27499,81
23,14,0,27499,205
23,14,0,27499,213
13,20,0,27499,211
6,26,0,27500,66
11,5,0,27500,81
13,21,0,27500,289
11,5,0,27500,108
14,15,0,27500,303
18,4,0,27500,159
26,9,0,27500,466
10,27,0,27500,88
27,14,0,27501,447
23,14,0,27501,209
23,18,0,27501,238
0,3,0,27501,279
27,9,0,27501,325
23,13,0,27501,135
9,24,0,27501,410
13,21,0,27501,226
13,20,0,27501,355
6,26,0,27501,69
6,26,0,27502,42
14,15,0,27502,199
26,9,0,27502,411
2,9,0,27502,380
23,13,0,27502,140
9,24,0,27502,402
13,20,0,27502,218
25,14,0,27503,371
17,4,0,27503,149
6,26,0,27503,34
6,26,0,27503,36
27,9,0,27503,433
9,24,0,27503,436
14,15,0,27504,277
1,24,0,27504,253
7,18,0,27504,435
23,25,0,27504,112
13,20,0,27504,206
26,5,0,27505,28
1,9,0,27505,308
2,9,0,27505,320
23,13,0,27505,136
8,27,0,27505,223
8,25,0,27505,422
6,26,0,27505,30
17,4,0,27505,155
1,24,0,27505,252
14,15,0,27506,172
13,20,0,27506,193
12,5,0,27506,71
11,5,0,27506,63
26,18,0,27506,413
17,4,0,27507,150
2,9,0,27507,354
23,25,0,27507,102
23,13,0,27507,94
1,9,0,27508,368
1,24,0,27508,238
13,20,0,27508,314
14,15,0,27509,282
27,18,0,27509,207
17,4,0,27509,154
1,24,0,27509,240
11,5,0,27509,68
17,4,0,27509,147
23,13,0,27510,92
14,15,0,27510,266
1,24,0,27510,235
13,20,0,27510,288
26,9,0,27511,122
1,24,0,27511,201
8,27,0,27511,203
23,25,0,27511,111
23,13,0,27511,135
14,15,0,27512,197
17,4,0,27512,148
1,24,0,27512,182
4,18,0,27512,202
14,20,0,27512,421
8,27,0,27512,223
14,16,0,27513,230
23,13,0,27513,116
1,24,0,27513,199
0,5,0,27513,331
9,12,0,27513,221
0,7,0,27513,327
14,15,0,27514,308
6,26,0,27514,21
7,9,0,27514,151
25,5,0,27515,327
14,18,0,27515,229
23,13,0,27515,112
9,12,0,27515,196
14,15,0,27516,195
0,3,0,27516,261
0,7,0,27516,359
27,8,0,27516,342
25,5,0,27516,215
11,12,0,27516,8
8,18,0,27516,509
23,13,0,27516,76
27,8,0,27516,405
14,15,0,27518,212
14,18,0,27518,186
0,7,0,27518,332
27,8,0,27518,235
26,5,0,27519,429
25,3,0,27519,309
23,13,0,27520,111
27,18,0,27520,379
27,7,0,27520,255
27,8,0,27520,338
14,15,0,27521,186
23,25,0,27521,104
23,13,0,27521,123
14,16,0,27522,202
23,13,0,27522,126
27,7,0,27523,394
25,8,0,27523,350
14,15,0,27523,212
14,18,0,27523,221
0,3,0,27523,279
10,24,0,27523,333
8,27,0,27523,176
27,7,0,27524,325
9,24,0,27524,399
23,13,0,27524,105
27,8,0,27524,331
14,15,0,27525,271
0,3,0,27525,271
27,7,0,27525,225
9,24,0,27525,380
9,24,0,27525,382
17,21,0,27525,123
17,21,0,27525,132
14,16,0,27526,253
14,18,0,27526,218
17,21,0,27526,136
14,15,0,27526,245
23,13,0,27526,101
27,7,0,27527,325
9,8,0,27527,336
4,24,0,27527,228
4,24,0,27527,268
7,27,0,27528,139
23,25,0,27528,113
4,24,0,27528,223
17,21,0,27528,183
23,18,0,27529,288
25,3,0,27529,293
27,7,0,27529,384
27,8,0,27529,319
17,21,0,27529,178
17,20,0,27529,128
25,24,0,27529,265
4,24,0,27530,198
14,15,0,27530,225
14,18,0,27530,201
17,20,0,27530,127
7,27,0,27530,91
4,27,0,27531,143
27,7,0,27531,380
27,8,0,27531,400
6,26,0,27532,21
17,20,0,27532,178
7,27,0,27532,92
25,3,0,27532,345
25,24,0,27532,363
17,21,0,27532,122
23,25,0,27533,172
18,13,0,27533,311
4,24,0,27533,158
17,20,0,27533,109
27,7,0,27533,377
7,27,0,27533,92
18,9,0,27534,403
26,9,0,27534,121
27,8,0,27534,247
25,24,0,27534,289
17,21,0,27534,118
26,9,0,27535,112
17,21,0,27535,126
17,20,0,27535,168
25,3,0,27535,311
17,20,0,27535,102
23,13,0,27536,95
18,20,0,27536,88
12,9,0,27537,358
27,9,0,27537,411
23,25,0,27537,115
27,8,0,27537,409
27,24,0,27537,323
17,21,0,27537,162
14,15,0,27537,196
23,13,0,27537,88
23,8,0,27537,381
18,9,0,27538,432
0,3,0,27538,251
14,15,0,27539,245
17,20,0,27539,167
27,9,0,27539,392
27,8,0,27539,270
25,24,0,27539,133
25,24,0,27539,94
9,27,0,27539,217
18,9,0,27540,414
26,9,0,27540,85
0,3,0,27541,244
18,9,0,27541,350
23,25,0,27541,127
7,27,0,27541,156
2,15,0,27541,399
8,24,0,27541,455
23,25,0,27542,153
25,24,0,27542,111
9,12,0,27542,165
27,24,0,27542,468
27,15,0,27543,492
0,3,0,27543,240
23,13,0,27543,109
4,25,0,27544,97
0,5,0,27544,301
9,12,0,27544,205
13,15,0,27544,369
23,13,0,27544,108
25,24,0,27544,124
17,1,0,27544,336
17,1,0,27544,230
13,15,0,27545,372
23,25,0,27545,119
7,10,0,27545,192
7,10,0,27545,199
7,10,0,27545,179
2,16,0,27545,356
23,15,0,27545,236
27,14,0,27546,187
0,3,0,27546,256
25,24,0,27546,61
9,27,0,27546,222
25,5,0,27546,177
0,5,0,27546,325
13,15,0,27546,351
18,27,0,27546,238
7,10,0,27546,197
17,1,0,27546,302
7,10,0,27547,190
17,1,0,27547,271
13,15,0,27548,330
23,13,0,27548,109
9,12,0,27548,244
7,10,0,27548,190
17,1,0,27548,280
23,13,0,27549,116
7,10,0,27549,177
17,1,0,27549,258
22,27,0,27549,403
23,13,0,27549,94
7,10,0,27549,195
22,15,0,27550,385
9,27,0,27550,242
0,5,0,27550,276
9,12,0,27550,201
7,10,0,27550,166
17,1,0,27550,240
7,10,0,27551,166
25,1,0,27551,139
9,27,0,27551,225
22,15,0,27551,405
0,3,0,27551,188
23,13,0,27551,107
7,10,0,27551,169
4,25,0,27552,130
7,10,0,27552,191
7,10,0,27552,158
10,7,0,27552,270
25,1,0,27552,116
27,15,0,27553,545
11,27,0,27553,477
7,10,0,27553,154
10,7,0,27553,272
25,1,0,27553,222
9,27,0,27553,225
0,3,0,27553,246
4,25,0,27554,125
13,16,0,27554,375
23,13,0,27554,106
7,10,0,27554,141
10,7,0,27554,257
8,24,0,27554,450
7,9,0,27554,207
10,7,0,27554,209
27,1,0,27554,482
25,1,0,27554,113
7,10,0,27555,178
7,10,0,27555,138
12,24,0,27555,203
2,25,0,27555,252
9,12,0,27555,171
22,15,0,27555,376
23,13,0,27555,112
7,10,0,27555,131
10,8,0,27555,222
9,27,0,27556,234
8,12,0,27556,324
23,13,0,27556,99
7,10,0,27556,168
10,7,0,27556,269
25,1,0,27556,132
25,1,0,27556,216
7,10,0,27557,117
7,10,0,27557,110
10,7,0,27557,192
10,8,0,27557,208
22,15,0,27557,414
25,3,0,27557,163
23,13,0,27557,82
25,3,0,27558,162
23,25,0,27558,123
7,10,0,27558,97
10,7,0,27558,269
7,10,0,27558,170
25,3,0,27559,130
7,10,0,27559,157
10,7,0,27559,277
10,8,0,27559,265
10,7,0,27559,193
17,20,0,27559,138
22,15,0,27560,378
25,3,0,27560,163
7,10,0,27560,95
10,7,0,27560,208
23,13,0,27560,112
10,8,0,27560,187
23,15,0,27561,194
7,10,0,27561,155
10,7,0,27561,202
22,15,0,27561,417
7,11,0,27561,209
7,10,0,27561,119
17,21,0,27561,125
18,20,0,27561,131
8,12,0,27562,326
25,3,0,27562,147
23,13,0,27562,138
7,10,0,27562,110
9,27,0,27562,179
7,10,0,27563,158
10,7,0,27563,193
7,12,0,27563,221
25,3,0,27563,112
7,10,0,27563,119
8,10,0,27563,185
17,20,0,27563,118
22,15,0,27564,374
25,3,0,27564,114
10,7,0,27564,193
10,8,0,27564,267
13,16,0,27564,239
23,13,0,27564,76
7,10,0,27565,135
8,10,0,27565,167
10,7,0,27565,160
10,8,0,27565,279
17,20,0,27565,131
9,12,0,27565,292
23,14,0,27565,327
18,3,0,27565,215
7,10,0,27565,103
9,27,0,27565,224
0,5,0,27566,340
22,15,0,27566,373
16,14,0,27566,338
23,13,0,27566,69
10,7,0,27566,134
10,7,0,27566,171
18,20,0,27566,78
9,12,0,27567,294
7,10,0,27567,133
7,10,0,27567,111
10,8,0,27567,211
18,3,0,27567,277
23,14,0,27568,320
10,8,0,27568,283
23,15,0,27568,197
23,13,0,27568,121
8,10,0,27568,153
10,7,0,27568,180
11,24,0,27568,236
18,20,0,27568,137
2,16,0,27569,382
22,15,0,27569,397
25,3,0,27569,29
7,10,0,27569,124
7,10,0,27569,106
10,7,0,27569,174
9,12,0,27570,157
23,13,0,27570,65
18,20,0,27570,117
23,14,0,27570,326
18,3,0,27570,299
7,10,0,27570,95
14,21,0,27570,395
8,25,0,27571,336
23,14,0,27571,242
10,8,0,27571,198
9,27,0,27571,195
22,15,0,27571,424
27,15,0,27571,429
7,10,0,27571,99
10,7,0,27571,154
18,20,0,27571,115
23,14,0,27572,228
11,5,0,27572,112
23,13,0,27572,146
8,10,0,27572,193
9,27,0,27572,222
11,5,0,27573,124
22,15,0,27573,414
27,3,0,27573,481
8,10,0,27573,189
10,8,0,27573,198
16,21,0,27573,220
23,13,0,27573,120
2,25,0,27574,327
11,5,0,27574,94
2,15,0,27574,394
17,4,0,27574,289
10,7,0,27574,151
10,8,0,27574,144
18,20,0,27574,109
26,5,0,27574,52
23,15,0,27574,260
23,14,0,27574,273
8,10,0,27574,169
11,3,0,27575,287
8,10,0,27575,140
1,24,0,27575,122
26,5,0,27575,55
23,13,0,27575,136
8,10,0,27575,93
23,14,0,27576,205
23,14,0,27576,234
27,3,0,27576,479
17,4,0,27576,283
8,10,0,27576,144
17,21,0,27576,128
18,20,0,27576,117
11,12,0,27576,29
22,15,0,27576,391
10,8,0,27576,157
17,4,0,27577,297
0,24,0,27577,86
14,20,0,27577,337
23,15,0,27577,222
23,13,0,27577,124
8,10,0,27577,167
8,10,0,27577,162
16,21,0,27577,158
11,5,0,27578,88
10,8,0,27578,199
11,12,0,27578,38
23,15,0,27578,267
23,14,0,27578,255
27,15,0,27579,529
23,14,0,27579,255
18,3,0,27579,292
17,4,0,27579,290
8,10,0,27579,143
17,21,0,27579,137
23,13,0,27579,86
8,10,0,27579,157
10,8,0,27579,198
14,20,0,27579,393
26,5,0,27580,59
23,14,0,27580,231
23,15,0,27580,211
17,4,0,27580,264
0,24,0,27580,86
17,21,0,27580,133
23,13,0,27581,129
8,10,0,27581,126
8,10,0,27581,150
10,8,0,27581,150
17,4,0,27581,291
10,7,0,27581,133
23,15,0,27582,209
1,24,0,27582,91
17,21,0,27582,126
11,12,0,27582,22
23,15,0,27582,201
8,10,0,27582,136
8,10,0,27582,126
10,7,0,27582,152
17,21,0,27582,120
16,20,0,27582,153
27,5,0,27583,385
23,13,0,27583,64
10,8,0,27583,154
9,27,0,27583,174
22,15,0,27583,208
10,7,0,27583,163
1,24,0,27583,48
14,21,0,27583,436
23,15,0,27584,234
18,20,0,27584,62
23,13,0,27584,95
10,7,0,27584,182
10,5,0,27585,280
11,14,0,27585,441
18,4,0,27585,209
10,8,0,27585,182
17,4,0,27585,272
17,20,0,27585,117
23,15,0,27586,246
23,13,0,27586,98
10,8,0,27586,151
1,24,0,27586,81
0,25,0,27586,265
10,5,0,27587,265
25,3,0,27587,14
10,7,0,27587,127
10,7,0,27587,133
17,21,0,27587,141
10,8,0,27587,143
17,20,0,27587,147
0,25,0,27588,262
9,27,0,27588,190
18,15,0,27589,103
1,24,0,27589,43
17,20,0,27589,119
10,5,0,27589,312
10,8,0,27589,205
23,15,0,27590,280
10,5,0,27590,246
27,3,0,27590,467
18,4,0,27590,292
1,24,0,27590,47
17,20,0,27590,127
10,8,0,27591,148
10,7,0,27591,130
27,3,0,27592,460
9,5,0,27592,254
26,15,0,27592,374
10,8,0,27592,175
17,21,0,27592,132
17,20,0,27592,118
22,15,0,27593,314
10,8,0,27593,148
27,3,0,27593,454
4,15,0,27594,234
11,14,0,27594,352
9,5,0,27594,224
18,4,0,27594,183
17,1,0,27594,267
17,21,0,27594,130
14,15,0,27595,279
4,15,0,27595,250
23,24,0,27595,133
18,20,0,27595,67
27,14,0,27595,363
14,15,0,27596,319
10,27,0,27596,239
2,25,0,27596,331
9,5,0,27596,210
23,24,0,27596,131
17,21,0,27596,104
12,14,0,27597,304
14,15,0,27598,379
17,21,0,27598,101
4,15,0,27598,258
17,20,0,27598,119
trip_data_format_1_1_end
