trip_data_format_1_1
11,12,0,27009,9
14,16,0,27023,22
11,12,0,27025,8
6,26,0,27029,21
6,26,0,27035,20
11,12,0,27037,9
14,15,0,27037,31
6,26,0,27038,21
6,26,0,27042,21
23,25,0,27044,40
23,25,0,27046,40
26,5,0,27047,22
14,15,0,27047,29
23,25,0,27047,39
4,27,0,27048,45
23,13,0,27048,47
6,26,0,27049,20
14,15,0,27049,27
23,13,0,27049,45
14,15,0,27052,33
14,18,0,27053,51
6,26,0,27055,21
23,25,0,27055,38
23,13,0,27057,47
23,13,0,27061,47
6,26,0,27063,22
23,25,0,27063,40
6,26,0,27063,21
23,13,0,27063,47
8,10,0,27064,52
8,10,0,27064,63
23,25,0,27065,39
23,13,0,27065,47
8,10,0,27065,61
23,13,0,27068,49
9,12,0,27069,52
8,10,0,27069,53
0,25,0,27071,67
0,3,0,27071,60
23,25,0,27071,42
23,13,0,27071,47
0,25,0,27072,57
9,27,0,27073,69
23,13,0,27075,53
9,12,0,27075,54
9,27,0,27076,65
23,13,0,27076,48
23,25,0,27078,38
18,20,0,27079,69
23,13,0,27080,47
23,13,0,27083,49
9,27,0,27083,66
23,25,0,27084,39
4,15,0,27085,83
23,13,0,27085,47
23,14,0,27086,84
9,12,0,27087,55
18,20,0,27088,61
23,13,0,27089,47
25,24,0,27089,49
17,20,0,27089,84
9,27,0,27089,68
18,20,0,27090,60
10,7,0,27090,89
10,7,0,27091,89
17,20,0,27091,87
9,27,0,27091,67
10,7,0,27092,90
10,7,0,27093,88
17,21,0,27093,88
10,8,0,27093,92
23,13,0,27094,48
9,27,0,27094,67
0,24,0,27094,92
17,20,0,27095,78
17,21,0,27095,89
9,27,0,27095,66
10,8,0,27096,90
17,20,0,27096,81
10,8,0,27097,90
1,24,0,27097,94
17,21,0,27097,79
17,21,0,27097,78
17,21,0,27097,80
1,24,0,27099,80
9,27,0,27099,66
25,13,0,27100,95
10,7,0,27100,72
17,21,0,27100,81
17,21,0,27101,79
10,8,0,27101,94
25,13,0,27102,64
10,7,0,27102,92
10,8,0,27102,90
10,7,0,27103,71
1,24,0,27103,74
11,14,0,27104,98
10,7,0,27104,67
10,8,0,27104,96
trip_data_format_1_1_end
